594 2
461 2
1043 3
1412 3
1770 3
207 2
1957 1
348 2
399 3
789 3
1944 2
1905 3
195 3
805 2
1628 2
927 3
1357 3
1688 2
509 2
1941 2
39 3
1784 3
790 3
442 3
1237 2
1946 2
666 3
1560 3
1466 2
388 3
1350 3
1921 2
498 2
529 0
1822 1
1417 2
100 3
1614 2
932 3
725 2
934 2
364 0
1892 2
1487 1
48 1
81 2
1072 3
689 2
147 2
448 3
1070 3
1601 3
1655 2
1817 3
1800 2
506 3
591 3
312 3
658 0
354 2
1395 3
10 2
343 3
538 2
865 3
950 2
1505 3
1586 2
34 3
652 3
504 3
616 3
284 3
169 2
43 3
1308 2
643 2
1533 2
1563 3
1659 0
71 2
1409 3
567 2
875 2
1392 0
1010 1
432 3
834 3
1211 2
1506 3
1481 3
394 2
1604 2
1707 2
1654 1
329 3
876 3
1369 2
258 3
571 3
1425 3
491 3
1024 1
1641 3
1187 2
680 2
1309 3
535 2
576 0
1991 2
1653 2
1956 2
615 0
1467 3
421 0
1498 2
963 3
1224 3
1550 3
410 3
303 1
21 3
311 0
1931 3
1230 3
759 3
1489 2
1449 3
990 1
1345 3
1948 1
1651 3
1937 3
947 3
424 3
214 1
1020 2
1932 2
1735 3
650 2
1134 2
443 2
1065 3
385 2
1393 3
694 2
1591 0
847 2
889 2
1680 3
1826 2
1672 3
1149 2
414 2
1424 2
1636 3
167 2
1006 2
907 3
1978 2
586 2
608 2
119 3
677 3
877 2
1143 2
1452 2
517 2
398 3
176 3
1122 3
37 2
1883 3
854 3
495 2
294 3
852 3
1547 2
1761 3
1262 3
1259 2
460 3
1525 3
536 3
371 2
471 3
1219 2
1706 2
1382 3
807 2
975 2
1428 2
1271 2
178 2
330 3
516 2
406 1
831 2
821 1
1742 3
1517 2
3 2
1380 3
379 3
812 3
1355 3
483 2
224 2
1406 3
1440 2
1083 3
201 0
1461 2
30 2
528 2
1282 3
337 3
237 3
1576 3
80 3
1639 2
775 2
1911 2
1105 3
948 3
393 2
1665 2
603 2
1673 2
835 2
1142 3
1531 3
65 3
1210 3
265 2
1443 3
1726 3
1929 3
384 2
1330 2
1674 2
1318 2
326 3
1080 3
636 3
287 2
940 2
335 3
1919 3
1720 3
838 3
1061 2
1371 3
1878 3
1979 2
841 2
456 2
1561 2
28 3
186 3
863 2
278 2
1212 2
1323 2
609 3
726 3
1564 1
281 3
1994 3
1954 3
1716 2
273 0
555 2
355 3
1768 3
801 1
1135 0
434 3
1724 0
1173 2
1397 2
1986 2
221 2
795 3
1081 2
352 2
837 3
673 2
1478 2
840 3
989 1
1476 3
1637 3
451 3
1268 3
63 3
1460 2
1207 3
1923 2
550 2
107 3
780 3
1232 2
1603 3
1763 2
1254 3
338 3
1220 3
275 3
1177 3
1109 2
1739 3
1926 3
1150 2
1170 3
568 3
971 1
476 1
766 3
1541 2
94 2
737 2
1141 3
180 3
1423 2
584 1
8 0
1746 0
638 2
1537 3
1624 3
1818 3
850 2
228 2
1299 2
613 3
299 2
52 2
733 0
556 3
1206 3
1868 2
886 3
436 2
1343 3
968 2
419 3
289 2
1743 3
564 3
1633 3
1532 2
1574 1
1940 3
1359 3
1315 2
1193 3
1441 2
1018 2
999 2
450 3
244 1
1807 3
1494 2
1248 2
809 3
1497 3
1322 3
1890 3
870 3
1750 2
1301 3
527 3
459 2
796 2
996 3
270 3
900 3
1155 2
1909 2
1178 3
1793 2
1243 1
53 2
1833 3
118 3
572 2
1356 1
1966 3
1915 3
599 3
1378 3
1292 2
960 3
1202 2
1471 3
1524 3
620 2
1627 3
1096 2
678 2
1910 2
1016 3
970 3
589 2
1413 2
447 2
1372 3
625 2
1375 2
1234 0
12 2
981 1
668 3
363 3
710 3
1644 3
979 3
217 2
530 2
185 3
773 1
522 3
347 3
1124 2
1792 0
1967 2
1189 3
1873 3
1365 2
1638 3
748 2
537 3
437 3
1204 3
1970 3
243 3
781 1
1054 0
1071 2
738 0
1984 0
1809 2
423 2
1513 2
113 3
1367 3
431 2
310 3
164 2
1128 2
701 1
1848 1
90 3
644 2
1992 2
132 2
200 2
545 3
1275 3
1004 2
24 3
230 3
126 2
468 3
1351 3
1228 3
1879 2
1717 3
655 3
1737 2
353 3
1882 3
1928 2
1483 2
1062 3
917 2
628 3
542 0
1430 2
51 3
1462 0
56 3
1319 3
259 2
566 3
1222 3
1964 1
882 3
1175 3
211 3
1927 2
822 2
1354 3
579 3
1469 2
539 3
153 2
887 3
681 2
133 2
1376 3
1194 3
1557 2
246 3
844 3
746 3
1821 3
1884 3
232 2
1503 0
1316 2
1805 2
1405 2
1435 3
1993 2
70 3
1145 0
1630 2
83 2
747 2
1917 2
1021 2
1182 2
755 2
1625 2
888 1
1030 3
1528 3
1272 3
253 2
1015 3
1556 3
1102 3
1244 3
1780 2
1782 3
820 2
47 3
319 3
653 2
1914 2
1304 2
1553 0
32 0
794 3
474 3
1536 1
1490 0
362 2
1468 3
1953 1
902 3
38 3
873 3
1362 2
1509 3
736 3
578 2
792 2
1748 2
1766 2
754 3
552 2
109 2
1864 3
724 2
235 2
1342 3
1611 2
389 0
918 0
59 3
928 3
1985 3
370 3
1968 3
1758 2
580 2
1374 3
862 3
313 2
1401 2
427 3
956 3
899 3
1925 3
128 2
511 2
315 2
89 2
1496 2
645 0
15 2
621 3
1327 1
660 0
848 2
1590 2
1251 3
115 3
1518 2
1769 1
1839 2
1283 2
866 2
803 3
1642 2
1740 3
1542 1
937 3
1127 3
409 3
776 3
1420 2
1951 3
612 2
425 2
546 3
1896 2
557 2
58 3
1044 3
1645 3
420 3
1501 1
1168 3
1214 2
1185 2
1667 2
1522 3
896 2
1875 2
26 3
1952 3
1035 2
1426 3
714 3
1798 3
188 3
1583 3
1885 3
663 2
1069 3
1311 3
499 3
974 2
914 3
543 3
1076 0
222 2
982 2
965 3
1056 3
944 2
590 3
121 3
606 3
1197 2
1762 3
1284 3
1776 2
1652 3
1014 0
1548 0
1434 2
1314 3
1745 3
150 2
181 2
1171 3
1209 2
1455 3
1794 3
1000 2
162 2
472 2
760 3
42 3
855 3
1470 2
730 2
4 2
276 3
1832 2
676 3
843 3
320 3
1223 2
213 3
1233 3
715 3
765 2
488 3
1140 2
897 2
1791 3
906 2
20 2
302 2
595 2
1344 1
707 2
1980 3
1618 3
1568 0
514 2
1079 2
705 3
1691 2
634 3
1227 3
174 2
131 2
1895 2
76 2
1266 3
1657 3
1129 3
1747 2
1846 2
396 3
1676 3
197 2
1348 2
1622 3
1294 2
1291 3
706 3
1855 3
1632 3
1082 2
1722 2
218 2
321 0
1270 2
1825 2
618 2
210 3
1325 0
1320 2
144 2
308 2
269 3
523 3
202 3
1751 3
1003 2
274 2
861 3
318 2
1629 1
279 3
480 3
647 3
791 2
1276 3
309 1
1649 3
196 3
247 3
1712 1
177 3
1787 2
1718 3
1876 2
158 3
1593 3
562 0
922 0
1950 3
191 1
110 2
489 2
165 3
1103 3
1693 2
1104 2
1305 3
1666 3
1287 3
231 2
105 3
346 0
953 3
209 3
592 0
1705 3
1399 3
933 2
1922 1
1188 3
623 2
857 3
367 0
1473 2
1845 2
879 2
1085 1
743 2
478 2
1358 3
915 1
1337 2
1816 3
13 2
351 2
1643 2
1865 3
130 2
268 2
541 2
869 1
1943 3
1582 3
175 2
1293 2
1596 2
810 2
1725 2
1836 0
1581 2
1404 3
339 2
1912 2
1400 2
86 3
1906 3
1260 2
1646 0
1843 3
1955 2
143 2
383 3
1095 2
824 3
182 3
1893 3
926 2
1510 2
1760 2
642 3
784 3
35 1
1116 3
761 3
493 3
1130 3
1981 3
439 3
966 3
254 3
395 3
1837 3
871 2
1749 2
316 3
138 3
691 2
1049 3
148 3
256 2
44 2
112 2
930 3
1377 3
1757 3
1683 3
1050 2
1341 3
1886 3
1669 2
829 3
916 3
1612 0
124 2
696 3
851 3
1379 3
155 2
412 2
1442 1
1939 3
704 3
1835 3
1060 3
78 2
811 3
101 3
1165 2
1133 3
756 0
985 3
68 3
1500 2
884 2
659 2
1521 3
935 3
